$> ./a.out 1 1003 2000 3000
Thread ID: 0	 Starting index:0	 Step1
----------------
Input
#Threads: 1
L:1003	M:2000	N:3000
--------------------------------
Results
	Upper-Left most 10 X 10 Matrix:
-------------------------------
1.8447e+19, 1.8447e+19, 1.8447e+19, 1.8447e+19, 1.8447e+19, 1.8447e+19, 1.8447e+19, 1.8447e+19, 1.8447e+19, 1.8447e+19
1.8447e+19, 1.8447e+19, 1.8447e+19, 1.8447e+19, 1.8447e+19, 1.8447e+19, 1.8447e+19, 1.8447e+19, 1.8447e+19, 1.8447e+19
1.8447e+19, 1.8447e+19, 1.8447e+19, 1.8447e+19, 1.8447e+19, 1.8447e+19, 1.8447e+19, 1.8447e+19, 1.8447e+19, 1.8447e+19
1.8447e+19, 1.8447e+19, 1.8447e+19, 1.8447e+19, 1.8447e+19, 1.8447e+19, 1.8447e+19, 1.8447e+19, 1.8447e+19, 1.8447e+19
1.8447e+19, 1.8447e+19, 1.8447e+19, 1.8447e+19, 1.8447e+19, 1.8447e+19, 1.8447e+19, 1.8447e+19, 1.8447e+19, 1.8447e+19
1.8447e+19, 1.8447e+19, 1.8447e+19, 1.8447e+19, 1.8447e+19, 1.8447e+19, 1.8447e+19, 1.8447e+19, 1.8447e+19, 1.8447e+19
1.8447e+19, 1.8447e+19, 1.8447e+19, 1.8447e+19, 1.8447e+19, 1.8447e+19, 1.8447e+19, 1.8447e+19, 1.8447e+19, 1.8447e+19
1.8447e+19, 1.8447e+19, 1.8447e+19, 1.8447e+19, 1.8447e+19, 1.8447e+19, 1.8447e+19, 1.8447e+19, 1.8447e+19, 1.8447e+19
1.8447e+19, 1.8447e+19, 1.8447e+19, 1.8447e+19, 1.8447e+19, 1.8447e+19, 1.8447e+19, 1.8447e+19, 1.8447e+19, 1.8447e+19
1.8447e+19, 1.8447e+19, 1.8447e+19, 1.8447e+19, 1.8447e+19, 1.8447e+19, 1.8447e+19, 1.8447e+19, 1.8447e+19, 1.8447e+19
-------------------------------
	Bottom-Right most 10 X 10 Matrix
-------------------------------
1.8447e+19, 1.8447e+19, 1.8447e+19, 1.8447e+19, 1.8447e+19, 1.8447e+19, 1.8447e+19, 1.8447e+19, 1.8447e+19, 1.8447e+19
1.8447e+19, 1.8447e+19, 1.8447e+19, 1.8447e+19, 1.8447e+19, 1.8447e+19, 1.8447e+19, 1.8447e+19, 1.8447e+19, 1.8447e+19
1.8447e+19, 1.8447e+19, 1.8447e+19, 1.8447e+19, 1.8447e+19, 1.8447e+19, 1.8447e+19, 1.8447e+19, 1.8447e+19, 1.8447e+19
1.8447e+19, 1.8447e+19, 1.8447e+19, 1.8447e+19, 1.8447e+19, 1.8447e+19, 1.8447e+19, 1.8447e+19, 1.8447e+19, 1.8447e+19
1.8447e+19, 1.8447e+19, 1.8447e+19, 1.8447e+19, 1.8447e+19, 1.8447e+19, 1.8447e+19, 1.8447e+19, 1.8447e+19, 1.8447e+19
1.8447e+19, 1.8447e+19, 1.8447e+19, 1.8447e+19, 1.8447e+19, 1.8447e+19, 1.8447e+19, 1.8447e+19, 1.8447e+19, 1.8447e+19
1.8447e+19, 1.8447e+19, 1.8447e+19, 1.8447e+19, 1.8447e+19, 1.8447e+19, 1.8447e+19, 1.8447e+19, 1.8447e+19, 1.8447e+19
1.8447e+19, 1.8447e+19, 1.8447e+19, 1.8447e+19, 1.8447e+19, 1.8447e+19, 1.8447e+19, 1.8447e+19, 1.8447e+19, 1.8447e+19
1.8447e+19, 1.8447e+19, 1.8447e+19, 1.8447e+19, 1.8447e+19, 1.8447e+19, 1.8447e+19, 1.8447e+19, 1.8447e+19, 1.8447e+19
1.8447e+19, 1.8447e+19, 1.8447e+19, 1.8447e+19, 1.8447e+19, 1.8447e+19, 1.8447e+19, 1.8447e+19, 1.8447e+19, 1.8447e+19
-------------------------------
----------------
Total Time Elapsed: 13.26 seconds

$> ./a.out 2 1003 2000 3000

Thread ID: 0	 Starting index:0	 Step2
Thread ID: 1	 Starting index:1	 Step2
----------------
Input
#Threads: 2
L:1003	M:2000	N:3000
--------------------------------
Results
	Upper-Left most 10 X 10 Matrix:
-------------------------------
1.8447e+19, 1.8447e+19, 1.8447e+19, 1.8447e+19, 1.8447e+19, 1.8447e+19, 1.8447e+19, 1.8447e+19, 1.8447e+19, 1.8447e+19
1.8447e+19, 1.8447e+19, 1.8447e+19, 1.8447e+19, 1.8447e+19, 1.8447e+19, 1.8447e+19, 1.8447e+19, 1.8447e+19, 1.8447e+19
1.8447e+19, 1.8447e+19, 1.8447e+19, 1.8447e+19, 1.8447e+19, 1.8447e+19, 1.8447e+19, 1.8447e+19, 1.8447e+19, 1.8447e+19
1.8447e+19, 1.8447e+19, 1.8447e+19, 1.8447e+19, 1.8447e+19, 1.8447e+19, 1.8447e+19, 1.8447e+19, 1.8447e+19, 1.8447e+19
1.8447e+19, 1.8447e+19, 1.8447e+19, 1.8447e+19, 1.8447e+19, 1.8447e+19, 1.8447e+19, 1.8447e+19, 1.8447e+19, 1.8447e+19
1.8447e+19, 1.8447e+19, 1.8447e+19, 1.8447e+19, 1.8447e+19, 1.8447e+19, 1.8447e+19, 1.8447e+19, 1.8447e+19, 1.8447e+19
1.8447e+19, 1.8447e+19, 1.8447e+19, 1.8447e+19, 1.8447e+19, 1.8447e+19, 1.8447e+19, 1.8447e+19, 1.8447e+19, 1.8447e+19
1.8447e+19, 1.8447e+19, 1.8447e+19, 1.8447e+19, 1.8447e+19, 1.8447e+19, 1.8447e+19, 1.8447e+19, 1.8447e+19, 1.8447e+19
1.8447e+19, 1.8447e+19, 1.8447e+19, 1.8447e+19, 1.8447e+19, 1.8447e+19, 1.8447e+19, 1.8447e+19, 1.8447e+19, 1.8447e+19
1.8447e+19, 1.8447e+19, 1.8447e+19, 1.8447e+19, 1.8447e+19, 1.8447e+19, 1.8447e+19, 1.8447e+19, 1.8447e+19, 1.8447e+19
-------------------------------
	Bottom-Right most 10 X 10 Matrix
-------------------------------
1.8447e+19, 1.8447e+19, 1.8447e+19, 1.8447e+19, 1.8447e+19, 1.8447e+19, 1.8447e+19, 1.8447e+19, 1.8447e+19, 1.8447e+19
1.8447e+19, 1.8447e+19, 1.8447e+19, 1.8447e+19, 1.8447e+19, 1.8447e+19, 1.8447e+19, 1.8447e+19, 1.8447e+19, 1.8447e+19
1.8447e+19, 1.8447e+19, 1.8447e+19, 1.8447e+19, 1.8447e+19, 1.8447e+19, 1.8447e+19, 1.8447e+19, 1.8447e+19, 1.8447e+19
1.8447e+19, 1.8447e+19, 1.8447e+19, 1.8447e+19, 1.8447e+19, 1.8447e+19, 1.8447e+19, 1.8447e+19, 1.8447e+19, 1.8447e+19
1.8447e+19, 1.8447e+19, 1.8447e+19, 1.8447e+19, 1.8447e+19, 1.8447e+19, 1.8447e+19, 1.8447e+19, 1.8447e+19, 1.8447e+19
1.8447e+19, 1.8447e+19, 1.8447e+19, 1.8447e+19, 1.8447e+19, 1.8447e+19, 1.8447e+19, 1.8447e+19, 1.8447e+19, 1.8447e+19
1.8447e+19, 1.8447e+19, 1.8447e+19, 1.8447e+19, 1.8447e+19, 1.8447e+19, 1.8447e+19, 1.8447e+19, 1.8447e+19, 1.8447e+19
1.8447e+19, 1.8447e+19, 1.8447e+19, 1.8447e+19, 1.8447e+19, 1.8447e+19, 1.8447e+19, 1.8447e+19, 1.8447e+19, 1.8447e+19
1.8447e+19, 1.8447e+19, 1.8447e+19, 1.8447e+19, 1.8447e+19, 1.8447e+19, 1.8447e+19, 1.8447e+19, 1.8447e+19, 1.8447e+19
1.8447e+19, 1.8447e+19, 1.8447e+19, 1.8447e+19, 1.8447e+19, 1.8447e+19, 1.8447e+19, 1.8447e+19, 1.8447e+19, 1.8447e+19
-------------------------------
----------------
Total Time Elapsed: 6.772 seconds

$ ./a.out 4 1003 2000 3000

Thread ID: 0	 Starting index:0	 Step4
Thread ID: 1	 Starting index:1	 Step4
Thread ID: 2	 Starting index:2	 Step4
Thread ID: 3	 Starting index:3	 Step4
----------------
Input
#Threads: 4
L:1003	M:2000	N:3000
--------------------------------
Results
	Upper-Left most 10 X 10 Matrix:
-------------------------------
1.8447e+19, 1.8447e+19, 1.8447e+19, 1.8447e+19, 1.8447e+19, 1.8447e+19, 1.8447e+19, 1.8447e+19, 1.8447e+19, 1.8447e+19
1.8447e+19, 1.8447e+19, 1.8447e+19, 1.8447e+19, 1.8447e+19, 1.8447e+19, 1.8447e+19, 1.8447e+19, 1.8447e+19, 1.8447e+19
1.8447e+19, 1.8447e+19, 1.8447e+19, 1.8447e+19, 1.8447e+19, 1.8447e+19, 1.8447e+19, 1.8447e+19, 1.8447e+19, 1.8447e+19
1.8447e+19, 1.8447e+19, 1.8447e+19, 1.8447e+19, 1.8447e+19, 1.8447e+19, 1.8447e+19, 1.8447e+19, 1.8447e+19, 1.8447e+19
1.8447e+19, 1.8447e+19, 1.8447e+19, 1.8447e+19, 1.8447e+19, 1.8447e+19, 1.8447e+19, 1.8447e+19, 1.8447e+19, 1.8447e+19
1.8447e+19, 1.8447e+19, 1.8447e+19, 1.8447e+19, 1.8447e+19, 1.8447e+19, 1.8447e+19, 1.8447e+19, 1.8447e+19, 1.8447e+19
1.8447e+19, 1.8447e+19, 1.8447e+19, 1.8447e+19, 1.8447e+19, 1.8447e+19, 1.8447e+19, 1.8447e+19, 1.8447e+19, 1.8447e+19
1.8447e+19, 1.8447e+19, 1.8447e+19, 1.8447e+19, 1.8447e+19, 1.8447e+19, 1.8447e+19, 1.8447e+19, 1.8447e+19, 1.8447e+19
1.8447e+19, 1.8447e+19, 1.8447e+19, 1.8447e+19, 1.8447e+19, 1.8447e+19, 1.8447e+19, 1.8447e+19, 1.8447e+19, 1.8447e+19
1.8447e+19, 1.8447e+19, 1.8447e+19, 1.8447e+19, 1.8447e+19, 1.8447e+19, 1.8447e+19, 1.8447e+19, 1.8447e+19, 1.8447e+19
-------------------------------
	Bottom-Right most 10 X 10 Matrix
-------------------------------
1.8447e+19, 1.8447e+19, 1.8447e+19, 1.8447e+19, 1.8447e+19, 1.8447e+19, 1.8447e+19, 1.8447e+19, 1.8447e+19, 1.8447e+19
1.8447e+19, 1.8447e+19, 1.8447e+19, 1.8447e+19, 1.8447e+19, 1.8447e+19, 1.8447e+19, 1.8447e+19, 1.8447e+19, 1.8447e+19
1.8447e+19, 1.8447e+19, 1.8447e+19, 1.8447e+19, 1.8447e+19, 1.8447e+19, 1.8447e+19, 1.8447e+19, 1.8447e+19, 1.8447e+19
1.8447e+19, 1.8447e+19, 1.8447e+19, 1.8447e+19, 1.8447e+19, 1.8447e+19, 1.8447e+19, 1.8447e+19, 1.8447e+19, 1.8447e+19
1.8447e+19, 1.8447e+19, 1.8447e+19, 1.8447e+19, 1.8447e+19, 1.8447e+19, 1.8447e+19, 1.8447e+19, 1.8447e+19, 1.8447e+19
1.8447e+19, 1.8447e+19, 1.8447e+19, 1.8447e+19, 1.8447e+19, 1.8447e+19, 1.8447e+19, 1.8447e+19, 1.8447e+19, 1.8447e+19
1.8447e+19, 1.8447e+19, 1.8447e+19, 1.8447e+19, 1.8447e+19, 1.8447e+19, 1.8447e+19, 1.8447e+19, 1.8447e+19, 1.8447e+19
1.8447e+19, 1.8447e+19, 1.8447e+19, 1.8447e+19, 1.8447e+19, 1.8447e+19, 1.8447e+19, 1.8447e+19, 1.8447e+19, 1.8447e+19
1.8447e+19, 1.8447e+19, 1.8447e+19, 1.8447e+19, 1.8447e+19, 1.8447e+19, 1.8447e+19, 1.8447e+19, 1.8447e+19, 1.8447e+19
1.8447e+19, 1.8447e+19, 1.8447e+19, 1.8447e+19, 1.8447e+19, 1.8447e+19, 1.8447e+19, 1.8447e+19, 1.8447e+19, 1.8447e+19
-------------------------------
----------------
Total Time Elapsed: 3.66 seconds

$> ./a.out 8 1003 2000 3000

Thread ID: 0	 Starting index:0	 Step8
Thread ID: 1	 Starting index:1	 Step8
Thread ID: 6	 Starting index:6	 Step8
Thread ID: 3	 Starting index:3	 Step8
Thread ID: 7	 Starting index:7	 Step8
Thread ID: 5	 Starting index:5	 Step8
Thread ID: 2	 Starting index:2	 Step8
Thread ID: 4	 Starting index:4	 Step8
----------------
Input
#Threads: 8
L:1003	M:2000	N:3000
--------------------------------
Results
	Upper-Left most 10 X 10 Matrix:
-------------------------------
1.8447e+19, 1.8447e+19, 1.8447e+19, 1.8447e+19, 1.8447e+19, 1.8447e+19, 1.8447e+19, 1.8447e+19, 1.8447e+19, 1.8447e+19
1.8447e+19, 1.8447e+19, 1.8447e+19, 1.8447e+19, 1.8447e+19, 1.8447e+19, 1.8447e+19, 1.8447e+19, 1.8447e+19, 1.8447e+19
1.8447e+19, 1.8447e+19, 1.8447e+19, 1.8447e+19, 1.8447e+19, 1.8447e+19, 1.8447e+19, 1.8447e+19, 1.8447e+19, 1.8447e+19
1.8447e+19, 1.8447e+19, 1.8447e+19, 1.8447e+19, 1.8447e+19, 1.8447e+19, 1.8447e+19, 1.8447e+19, 1.8447e+19, 1.8447e+19
1.8447e+19, 1.8447e+19, 1.8447e+19, 1.8447e+19, 1.8447e+19, 1.8447e+19, 1.8447e+19, 1.8447e+19, 1.8447e+19, 1.8447e+19
1.8447e+19, 1.8447e+19, 1.8447e+19, 1.8447e+19, 1.8447e+19, 1.8447e+19, 1.8447e+19, 1.8447e+19, 1.8447e+19, 1.8447e+19
1.8447e+19, 1.8447e+19, 1.8447e+19, 1.8447e+19, 1.8447e+19, 1.8447e+19, 1.8447e+19, 1.8447e+19, 1.8447e+19, 1.8447e+19
1.8447e+19, 1.8447e+19, 1.8447e+19, 1.8447e+19, 1.8447e+19, 1.8447e+19, 1.8447e+19, 1.8447e+19, 1.8447e+19, 1.8447e+19
1.8447e+19, 1.8447e+19, 1.8447e+19, 1.8447e+19, 1.8447e+19, 1.8447e+19, 1.8447e+19, 1.8447e+19, 1.8447e+19, 1.8447e+19
1.8447e+19, 1.8447e+19, 1.8447e+19, 1.8447e+19, 1.8447e+19, 1.8447e+19, 1.8447e+19, 1.8447e+19, 1.8447e+19, 1.8447e+19
-------------------------------
	Bottom-Right most 10 X 10 Matrix
-------------------------------
1.8447e+19, 1.8447e+19, 1.8447e+19, 1.8447e+19, 1.8447e+19, 1.8447e+19, 1.8447e+19, 1.8447e+19, 1.8447e+19, 1.8447e+19
1.8447e+19, 1.8447e+19, 1.8447e+19, 1.8447e+19, 1.8447e+19, 1.8447e+19, 1.8447e+19, 1.8447e+19, 1.8447e+19, 1.8447e+19
1.8447e+19, 1.8447e+19, 1.8447e+19, 1.8447e+19, 1.8447e+19, 1.8447e+19, 1.8447e+19, 1.8447e+19, 1.8447e+19, 1.8447e+19
1.8447e+19, 1.8447e+19, 1.8447e+19, 1.8447e+19, 1.8447e+19, 1.8447e+19, 1.8447e+19, 1.8447e+19, 1.8447e+19, 1.8447e+19
1.8447e+19, 1.8447e+19, 1.8447e+19, 1.8447e+19, 1.8447e+19, 1.8447e+19, 1.8447e+19, 1.8447e+19, 1.8447e+19, 1.8447e+19
1.8447e+19, 1.8447e+19, 1.8447e+19, 1.8447e+19, 1.8447e+19, 1.8447e+19, 1.8447e+19, 1.8447e+19, 1.8447e+19, 1.8447e+19
1.8447e+19, 1.8447e+19, 1.8447e+19, 1.8447e+19, 1.8447e+19, 1.8447e+19, 1.8447e+19, 1.8447e+19, 1.8447e+19, 1.8447e+19
1.8447e+19, 1.8447e+19, 1.8447e+19, 1.8447e+19, 1.8447e+19, 1.8447e+19, 1.8447e+19, 1.8447e+19, 1.8447e+19, 1.8447e+19
1.8447e+19, 1.8447e+19, 1.8447e+19, 1.8447e+19, 1.8447e+19, 1.8447e+19, 1.8447e+19, 1.8447e+19, 1.8447e+19, 1.8447e+19
1.8447e+19, 1.8447e+19, 1.8447e+19, 1.8447e+19, 1.8447e+19, 1.8447e+19, 1.8447e+19, 1.8447e+19, 1.8447e+19, 1.8447e+19
-------------------------------
----------------
Total Time Elapsed: 3.683 seconds
$> ./a.out 16 1003 2000 3000
Thread ID: 0	 Starting index:0	 Step16
Thread ID: 5	 Starting index:5	 Step16
Thread ID: 2	 Starting index:2	 Step16
Thread ID: 3	 Starting index:3	 Step16
Thread ID: 4	 Starting index:4	 Step16
Thread ID: 1	 Starting index:1	 Step16
Thread ID: 9	 Starting index:9	 Step16
Thread ID: 10	 Starting index:10	 Step16
Thread ID: 13	 Starting index:13	 Step16
Thread ID: 11	 Starting index:11	 Step16
Thread ID: 7	 Starting index:7	 Step16
Thread ID: 8	 Starting index:8	 Step16
Thread ID: 6	 Starting index:6	 Step16
Thread ID: 12	 Starting index:12	 Step16
Thread ID: 15	 Starting index:15	 Step16
Thread ID: 14	 Starting index:14	 Step16
----------------
Input
#Threads: 16
L:1003	M:2000	N:3000
--------------------------------
Results
	Upper-Left most 10 X 10 Matrix:
-------------------------------
1.8447e+19, 1.8447e+19, 1.8447e+19, 1.8447e+19, 1.8447e+19, 1.8447e+19, 1.8447e+19, 1.8447e+19, 1.8447e+19, 1.8447e+19
1.8447e+19, 1.8447e+19, 1.8447e+19, 1.8447e+19, 1.8447e+19, 1.8447e+19, 1.8447e+19, 1.8447e+19, 1.8447e+19, 1.8447e+19
1.8447e+19, 1.8447e+19, 1.8447e+19, 1.8447e+19, 1.8447e+19, 1.8447e+19, 1.8447e+19, 1.8447e+19, 1.8447e+19, 1.8447e+19
1.8447e+19, 1.8447e+19, 1.8447e+19, 1.8447e+19, 1.8447e+19, 1.8447e+19, 1.8447e+19, 1.8447e+19, 1.8447e+19, 1.8447e+19
1.8447e+19, 1.8447e+19, 1.8447e+19, 1.8447e+19, 1.8447e+19, 1.8447e+19, 1.8447e+19, 1.8447e+19, 1.8447e+19, 1.8447e+19
1.8447e+19, 1.8447e+19, 1.8447e+19, 1.8447e+19, 1.8447e+19, 1.8447e+19, 1.8447e+19, 1.8447e+19, 1.8447e+19, 1.8447e+19
1.8447e+19, 1.8447e+19, 1.8447e+19, 1.8447e+19, 1.8447e+19, 1.8447e+19, 1.8447e+19, 1.8447e+19, 1.8447e+19, 1.8447e+19
1.8447e+19, 1.8447e+19, 1.8447e+19, 1.8447e+19, 1.8447e+19, 1.8447e+19, 1.8447e+19, 1.8447e+19, 1.8447e+19, 1.8447e+19
1.8447e+19, 1.8447e+19, 1.8447e+19, 1.8447e+19, 1.8447e+19, 1.8447e+19, 1.8447e+19, 1.8447e+19, 1.8447e+19, 1.8447e+19
1.8447e+19, 1.8447e+19, 1.8447e+19, 1.8447e+19, 1.8447e+19, 1.8447e+19, 1.8447e+19, 1.8447e+19, 1.8447e+19, 1.8447e+19
-------------------------------
	Bottom-Right most 10 X 10 Matrix
-------------------------------
1.8447e+19, 1.8447e+19, 1.8447e+19, 1.8447e+19, 1.8447e+19, 1.8447e+19, 1.8447e+19, 1.8447e+19, 1.8447e+19, 1.8447e+19
1.8447e+19, 1.8447e+19, 1.8447e+19, 1.8447e+19, 1.8447e+19, 1.8447e+19, 1.8447e+19, 1.8447e+19, 1.8447e+19, 1.8447e+19
1.8447e+19, 1.8447e+19, 1.8447e+19, 1.8447e+19, 1.8447e+19, 1.8447e+19, 1.8447e+19, 1.8447e+19, 1.8447e+19, 1.8447e+19
1.8447e+19, 1.8447e+19, 1.8447e+19, 1.8447e+19, 1.8447e+19, 1.8447e+19, 1.8447e+19, 1.8447e+19, 1.8447e+19, 1.8447e+19
1.8447e+19, 1.8447e+19, 1.8447e+19, 1.8447e+19, 1.8447e+19, 1.8447e+19, 1.8447e+19, 1.8447e+19, 1.8447e+19, 1.8447e+19
1.8447e+19, 1.8447e+19, 1.8447e+19, 1.8447e+19, 1.8447e+19, 1.8447e+19, 1.8447e+19, 1.8447e+19, 1.8447e+19, 1.8447e+19
1.8447e+19, 1.8447e+19, 1.8447e+19, 1.8447e+19, 1.8447e+19, 1.8447e+19, 1.8447e+19, 1.8447e+19, 1.8447e+19, 1.8447e+19
1.8447e+19, 1.8447e+19, 1.8447e+19, 1.8447e+19, 1.8447e+19, 1.8447e+19, 1.8447e+19, 1.8447e+19, 1.8447e+19, 1.8447e+19
1.8447e+19, 1.8447e+19, 1.8447e+19, 1.8447e+19, 1.8447e+19, 1.8447e+19, 1.8447e+19, 1.8447e+19, 1.8447e+19, 1.8447e+19
1.8447e+19, 1.8447e+19, 1.8447e+19, 1.8447e+19, 1.8447e+19, 1.8447e+19, 1.8447e+19, 1.8447e+19, 1.8447e+19, 1.8447e+19
-------------------------------
----------------
Total Time Elapsed: 3.69 seconds
